# Duelos largos del leaderboard (2026-09-26): turno en que se elige un bolsillo con salida.
83507930|177|10,2 10,7 8,8|84:2,7 3,7 4,7 5,7 6,7 7,7 7,6 6,6 5,6 4,6 3,6 3,5 4,5 5,5|84:9,2 8,2 7,2 6,2 5,2 5,3 4,3 3,3 3,4 2,4 2,3 1,3 0,3 0,2 1,2|*92:1,8 2,8 3,8 3,9 3,10 2,10 1,10 0,10 0,9 0,8 0,7 1,7
5f2765de|166|10,0 1,0 4,0 2,10|90:7,5 7,4 7,3 7,2 7,1 7,0 6,0 5,0 5,1 5,2 5,3 4,3 3,3 3,4 3,5 3,6 3,7 4,7 4,6 5,6 5,7|*92:8,6 8,5 8,4 8,3 8,2 8,1 9,1 10,1 10,2 10,3 10,4 10,5 10,6 10,7 10,8 9,8 9,7 8,7 8,8
67beb218|281|10,8 10,2 3,1 10,7 4,3|80:8,9 8,8 8,7 8,6 8,5 8,4 8,3 7,3 7,4 7,5 7,6 7,7 7,8 6,8 5,8 4,8 3,8 2,8 1,8 0,8 0,7 1,7 2,7 3,7 4,7 4,6|*94:9,10 9,9 9,8 9,7 9,6 9,5 9,4 9,3 9,2 9,1 9,0 8,0 7,0 6,0 5,0 4,0 3,0 2,0 2,1 1,1 1,2 2,2 3,2 4,2 4,1
6c749c22|252|0,6 7,10|71:7,3 7,2 6,2 5,2 5,3 5,4 4,4 3,4 3,3 3,2 2,2 2,3 2,4 1,4 1,5 2,5 2,6 2,7 3,7|85:4,8 4,9 4,10 5,10 5,9 5,8 5,7 6,7 7,7 7,6 7,5 7,4|*90:8,8 9,8 10,8 10,7 10,6 10,5 10,4 10,3 10,2 10,1 10,0 9,0 9,1 9,2 9,3 9,4 9,5 9,6
8aa6fcdc|467|10,9 10,1 10,2 10,0 0,0 3,7|97:6,9 7,9 8,9 8,10 7,10 6,10 5,10 4,10 3,10 2,10 2,9 2,8 2,7 2,6 2,5 2,4 2,3 2,2 2,1 2,0 3,0 3,1 3,2 3,3 3,4 3,5 3,6 4,6 5,6 6,6 6,7|*60:9,8 9,7 8,7 8,6 8,5 8,4 8,3 7,3 7,2 7,1 8,1 9,1 9,0 8,0 7,0 6,0 6,1 5,1 5,0 4,0 4,1 4,2 4,3 4,4 4,5 5,5 6,5 7,5 7,6 7,7
c21c8135|279|9,2|98:3,6 2,6 2,5 2,4 2,3 2,2 2,1 2,0 3,0 4,0 4,1 4,2 4,3 4,4 4,5 5,5 5,6 5,7 6,7 6,6 7,6 7,7 7,8 7,9 8,9 9,9 9,8 9,7|*94:2,9 2,8 2,7 1,7 1,6 0,6 0,7 0,8 0,9 0,10 1,10 2,10 3,10 4,10 4,9 5,9 5,10 6,10 6,9 6,8 5,8 4,8 3,8 3,7
67beb218|270|10,8 10,2 3,1 9,4|91:7,7 7,8 6,8 5,8 4,8 3,8 2,8 1,8 0,8 0,7 1,7 2,7 3,7 4,7 4,6 5,6 5,5 6,5 6,4 5,4 4,4 4,3 3,3 2,3 1,3 1,4|*91:8,0 7,0 6,0 5,0 4,0 3,0 2,0 2,1 1,1 1,2 2,2 3,2 4,2 4,1 5,1 6,1 7,1 8,1 8,2 7,2 6,2 5,2 5,3 6,3
8aa6fcdc|455|8,10 10,9 10,1 10,2 10,0|93:2,7 2,6 2,5 2,4 2,3 2,2 2,1 2,0 3,0 3,1 3,2 3,3 3,4 3,5 3,6 4,6 5,6 6,6 6,7 6,8 5,8 5,9 6,9 6,10 5,10 4,10 4,9 4,8 4,7 3,7|*72:9,0 8,0 7,0 6,0 6,1 5,1 5,0 4,0 4,1 4,2 4,3 4,4 4,5 5,5 6,5 7,5 7,6 7,7 7,8 8,8 9,8 9,7 8,7 8,6 8,5 9,5 9,4 8,4 7,4 7,3
5f2765de|155|10,0 1,0 10,2 10,4 5,3 4,0|85:4,3 3,3 3,4 3,5 3,6 3,7 4,7 4,6 5,6 5,7 6,7 7,7 7,6 6,6 6,5 6,4 5,4 5,5 4,5 4,4|*97:10,5 10,6 10,7 10,8 9,8 9,7 8,7 8,8 7,8 7,9 6,9 6,8 5,8 4,8 3,8 2,8 2,7
