# Posiciones clave de 7 partidas del leaderboard (2026-09-25). Formato:
# partida|turno|comida|salud:cuerpo|... ; '*' marca a Makarov. Cuerpo cabeza primero.
6bed3999|225|9,0 10,1 8,6|86:9,8 8,8 7,8 6,8 5,8 5,7 5,6 6,6 6,5 6,4 5,4 5,3 6,3 7,3 8,3 8,2 7,2 6,2 5,2 5,1|*97:10,9 9,9 8,9 7,9 6,9 5,9 4,9 4,10 3,10 2,10 1,10 0,10 0,9 0,8 0,7 0,6 0,5
2f48018e|284|9,0 7,0 3,0 6,10|79:3,1 3,2 4,2 5,2 6,2 7,2 7,3 8,3 9,3 9,4 9,5 9,6 9,7 8,7 7,7 7,8 7,9 7,10 8,10 8,9 8,8 9,8 10,8 10,7 10,6 10,5 10,4 10,3|*91:2,0 2,1 2,2 2,3 1,3 1,4 1,5 0,5 0,6 0,7 0,8 0,9 0,10 1,10 2,10 3,10 3,9 2,9 1,9 1,8 1,7 1,6 2,6 3,6 4,6 5,6
a84b9a76|155|6,2|70:8,3 8,2 9,2 9,3 10,3 10,2 10,1 9,1|89:3,6 3,7 4,7 5,7 5,8 5,9 4,9|94:3,4 3,3 3,2 2,2 2,1 1,1 1,0 2,0 3,0 4,0 5,0 6,0|*99:4,5 4,4 5,4 5,3 6,3 6,4 6,5 6,6 7,6 7,5 8,5
ffecd357|379|8,0 2,5 2,8|87:7,6 7,5 7,4 7,3 7,2 7,1 7,0 6,0 5,0 4,0 3,0 2,0 1,0 0,0 0,1 0,2 0,3 0,4 0,5 0,6 1,6 2,6 3,6 4,6 5,6 6,6|*91:8,5 9,5 10,5 10,6 10,7 10,8 9,8 8,8 7,8 7,9 6,9 6,8 5,8 4,8 4,9 3,9 2,9 1,9 1,8 1,7 2,7 3,7 4,7 5,7 6,7 7,7 8,7 9,7 9,6
df0796f0|319|1,0 3,0 3,3 4,5 0,6 9,7|91:6,3 6,4 6,5 6,6 6,7 5,7 5,6 4,6 3,6 3,7 2,7 1,7 1,6 2,6 2,5 1,5 1,4 1,3 1,2 1,1 2,1 3,1 4,1 5,1 5,0 6,0 7,0 7,1 6,1|*79:8,3 7,3 7,4 7,5 7,6 7,7 7,8 7,9 6,9 6,10 7,10 8,10 9,10 10,10 10,9 10,8 10,7 10,6 10,5 10,4 10,3 10,2 9,2 9,1 10,1 10,0 9,0
df0796f0|322|1,0 3,0 3,3 4,5 0,6 9,7|88:6,2 5,2 5,3 6,3 6,4 6,5 6,6 6,7 5,7 5,6 4,6 3,6 3,7 2,7 1,7 1,6 2,6 2,5 1,5 1,4 1,3 1,2 1,1 2,1 3,1 4,1 5,1 5,0 6,0|*76:9,5 8,5 8,4 8,3 7,3 7,4 7,5 7,6 7,7 7,8 7,9 6,9 6,10 7,10 8,10 9,10 10,10 10,9 10,8 10,7 10,6 10,5 10,4 10,3 10,2 9,2 9,1
df0796f0|292|10,2 7,0 1,0|91:7,1 6,1 6,2 6,3 6,4 6,5 6,6 6,7 5,7 5,6 4,6 4,7 3,7 3,8 2,8 2,9 2,10 1,10 0,10 0,9 0,8 0,7 0,6 0,5 0,4 0,3 1,3|*89:8,0 8,1 8,2 8,3 8,4 8,5 8,6 8,7 8,8 8,9 7,9 7,10 6,10 6,9 5,9 5,10 4,10 3,10 3,9 4,9 4,8 5,8 6,8 7,8 7,7 7,6
ffecd357|374|8,0 2,5|92:7,1 7,0 6,0 5,0 4,0 3,0 2,0 1,0 0,0 0,1 0,2 0,3 0,4 0,5 0,6 1,6 2,6 3,6 4,6 5,6 6,6 6,5 5,5 5,4 4,4 3,4|*96:10,8 9,8 8,8 7,8 7,9 6,9 6,8 5,8 4,8 4,9 3,9 2,9 1,9 1,8 1,7 2,7 3,7 4,7 5,7 6,7 7,7 8,7 9,7 9,6 8,6 8,5 8,4 8,3 9,3
196768c2|255|6,7 4,9 0,1 8,2 2,0 3,0 9,1 2,4 8,7|75:2,5 1,5 1,6 1,7 2,7 2,6 3,6 3,5 4,5 5,5 5,6 6,6 6,5 7,5 8,5 8,6 9,6 10,6 10,7 10,8|51:7,4 6,4 6,3 6,2 6,1 5,1 4,1 4,2 5,2 5,3 4,3 4,4|*78:9,8 9,9 8,9 8,8 7,8 7,9 6,9 5,9 5,8 5,7 4,7 3,7 3,8 3,9 2,9 2,8 1,8 0,8 0,7 0,6 0,5 0,4 0,3
ba04be15|417|10,10 6,8 9,9 9,8 5,9|97:5,8 4,8 3,8 3,9 2,9 1,9 1,8 1,7 1,6 1,5 1,4 1,3 1,2 1,1 2,1 3,1 4,1 4,0 3,0 2,0 1,0 0,0 0,1 0,2 0,3 0,4 0,5 0,6 0,7|*98:10,7 10,6 10,5 10,4 10,3 10,2 10,1 10,0 9,0 8,0 7,0 7,1 7,2 7,3 8,3 8,4 7,4 7,5 7,6 8,6 8,7 8,8 8,9 7,9 7,8 7,7 6,7 6,6 6,5 6,4 6,3 5,3
2f48018e|282|9,0 7,0 3,0 6,10|81:4,2 5,2 6,2 7,2 7,3 8,3 9,3 9,4 9,5 9,6 9,7 8,7 7,7 7,8 7,9 7,10 8,10 8,9 8,8 9,8 10,8 10,7 10,6 10,5 10,4 10,3 10,2 9,2|*93:2,2 2,3 1,3 1,4 1,5 0,5 0,6 0,7 0,8 0,9 0,10 1,10 2,10 3,10 3,9 2,9 1,9 1,8 1,7 1,6 2,6 3,6 4,6 5,6 5,5 6,5
